8.0 8.0 8.5 8.5 8.5 8.856207187108023 8.856207187108023 10.433531571036667 10.734561566700648 11.023626393018537 11.302569338669667 11.302569338669667 11.302569338669667 11.302569338669667 11.302569338669667 11.302569338669667 11.302569338669667 11.302569338669667 12.922216830787981 13.149887079484934 
1.0 2.2618595071429146 2.2618595071429146 2.2618595071429146 2.2618595071429146 2.2618595071429146 2.2618595071429146 2.2618595071429146 2.2618595071429146 2.2618595071429146 2.2618595071429146 2.2618595071429146 2.2618595071429146 2.2618595071429146 2.2618595071429146 2.2618595071429146 2.2618595071429146 2.2618595071429146 2.2618595071429146 2.2618595071429146 
8.0 8.630929753571458 8.630929753571458 9.492282869718244 9.492282869718244 9.492282869718244 9.492282869718244 9.492282869718244 9.492282869718244 9.492282869718244 9.492282869718244 9.492282869718244 9.492282869718244 9.492282869718244 9.992282869718244 9.992282869718244 9.992282869718244 9.992282869718244 9.992282869718244 9.992282869718244 
8.0 8.0 8.0 8.0 8.0 8.0 8.0 8.0 10.40823996531185 10.40823996531185 12.36084058486976 12.36084058486976 12.36084058486976 12.36084058486976 12.36084058486976 12.36084058486976 12.36084058486976 12.36084058486976 12.36084058486976 12.36084058486976 
5.0 5.630929753571458 5.630929753571458 6.061606311644851 6.835311926113934 8.972555048762068 11.639221715428734 11.639221715428734 11.639221715428734 11.639221715428734 11.639221715428734 12.179698024283374 12.179698024283374 12.179698024283374 13.929698024283374 13.929698024283374 13.929698024283374 13.929698024283374 14.161076237443133 15.52709772962485 
1.0 1.0 1.0 1.8613531161467862 4.956175574023119 4.956175574023119 5.289508907356452 5.289508907356452 5.590538903020433 5.590538903020433 5.590538903020433 5.590538903020433 5.590538903020433 5.590538903020433 5.590538903020433 5.590538903020433 5.590538903020433 5.590538903020433 5.821917116180193 5.821917116180193 
2.0 2.0 4.0 4.0 4.0 4.0 4.0 4.0 4.0 4.0 4.0 4.27023815442732 4.27023815442732 4.27023815442732 4.27023815442732 4.27023815442732 4.27023815442732 4.27023815442732 5.427129220226115 5.427129220226115 
0 1.2618595071429148 1.2618595071429148 1.2618595071429148 1.2618595071429148 1.2618595071429148 1.2618595071429148 1.2618595071429148 1.2618595071429148 1.2618595071429148 1.2618595071429148 1.2618595071429148 1.2618595071429148 1.2618595071429148 1.2618595071429148 1.2618595071429148 1.2618595071429148 1.2618595071429148 1.2618595071429148 1.2618595071429148 
0 0 0 3.4454124645871445 3.4454124645871445 3.4454124645871445 3.4454124645871445 3.4454124645871445 3.7464424602511257 3.7464424602511257 3.7464424602511257 3.7464424602511257 5.322339670474287 5.322339670474287 5.322339670474287 5.322339670474287 5.322339670474287 5.322339670474287 5.322339670474287 5.55000991917124 
0 0 0 0 0 0 2.3333333333333335 2.6487982101190624 2.6487982101190624 2.6487982101190624 2.6487982101190624 2.6487982101190624 2.6487982101190624 2.6487982101190624 2.6487982101190624 2.6487982101190624 2.6487982101190624 2.6487982101190624 2.6487982101190624 3.331808956209921 
