1.0 0.8316313052588108 0.7591338170799163 0.7266838024468784 0.7052081409777945 0.7168574811178287 0.7004678746633165 0.807410346665762 0.8163234788112803 0.8383057836455824 0.8595183571045825 0.8595183571045825 0.8595183571045825 0.8595183571045825 0.8595183571045825 0.8595183571045825 0.8595183571045825 0.8595183571045825 0.9826865244301497 1.0 
0.7924812503605781 1.0 1.0 1.0 1.0 1.0 1.0 1.0 1.0 1.0 1.0 1.0 1.0 1.0 1.0 1.0 1.0 1.0 1.0 1.0 
1.0 0.9739968197232248 0.909257538152953 0.9499613845485443 0.9499613845485443 0.9499613845485443 0.9499613845485443 0.9499613845485443 0.9499613845485443 0.9499613845485443 0.9499613845485443 0.9499613845485443 0.9499613845485443 0.9499613845485443 1.0 1.0 1.0 1.0 1.0 1.0 
1.0 0.7686217868402407 0.6472051754952952 0.6472051754952952 0.6472051754952952 0.6472051754952952 0.6472051754952952 0.6472051754952952 0.8420333466683502 0.8420333466683502 1.0 1.0 1.0 1.0 1.0 1.0 1.0 1.0 1.0 1.0 
1.0 0.7344690982919293 0.5743555249466454 0.5246368045257459 0.5290517245941728 0.6552353561679111 0.81253569480965 0.7829928072194433 0.760946335535225 0.749607036556596 0.749607036556596 0.7844156220544151 0.7844156220544151 0.7844156220544151 0.8971218103242999 0.8971218103242999 0.8971218103242999 0.8971218103242999 0.9120233854408333 1.0 
0.3231203125901445 0.24421083216355674 0.20176847754169883 0.35189526074114097 0.8865291271554191 0.8512961409651442 0.9085510497316976 0.9085510497316976 0.9602573845449094 0.9602573845449094 0.9602573845449094 0.9602573845449094 0.9602573845449094 0.9602573845449094 0.9602573845449094 0.9602573845449094 0.9602573845449094 0.9602573845449094 1.0 1.0 
1.0 0.5 0.7756611394273083 0.7370379140950958 0.7370379140950958 0.7370379140950958 0.7370379140950958 0.7370379140950958 0.7370379140950958 0.7370379140950958 0.7370379140950958 0.7868318555071009 0.7868318555071009 0.7868318555071009 0.7868318555071009 0.7868318555071009 0.7868318555071009 0.7868318555071009 1.0 1.0 
0.0 1.0 1.0 1.0 1.0 1.0 1.0 1.0 1.0 1.0 1.0 1.0 1.0 1.0 1.0 1.0 1.0 1.0 1.0 1.0 
0.0 0.0 0.0 0.620793929157812 0.620793929157812 0.620793929157812 0.620793929157812 0.620793929157812 0.6750334710772132 0.6750334710772132 0.6750334710772132 0.6750334710772132 0.9589784068834692 0.9589784068834692 0.9589784068834692 0.9589784068834692 0.9589784068834692 0.9589784068834692 0.9589784068834692 1.0 
0.0 0.0 0.0 0.0 0.0 0.0 0.7003202656576092 0.7950030283645634 0.7950030283645634 0.7950030283645634 0.7950030283645634 0.7950030283645634 0.7950030283645634 0.7950030283645634 0.7950030283645634 0.7950030283645634 0.7950030283645634 0.7950030283645634 0.7950030283645634 1.0 
