645 1012 238 370 49 443 510 51 733 1101 816 559 17 936 64 852 823 648 770 1234
286 1050 662 126 962 919 208 283 220 287 292 970 1168 1239 758 1066 924 540 207 1215
645 1012 238 370 49 443 510 51 733 1101 816 559 17 936 64 852 823 648 770 1234
286 1050 662 126 962 919 208 283 220 287 292 970 1168 1239 758 1066 924 540 207 1215
645 1012 238 370 49 443 510 51 733 1101 816 559 17 936 64 852 823 648 770 1234
286 1050 662 126 962 919 208 283 220 287 292 970 1168 1239 758 1066 924 540 207 1215
645 1012 238 370 49 443 510 51 733 1101 816 559 17 936 64 852 823 648 770 1234
286 1050 662 126 962 919 208 283 220 287 292 970 1168 1239 758 1066 924 540 207 1215
645 1012 238 370 49 443 510 51 733 1101 816 559 17 936 64 852 823 648 770 1234
286 1050 662 126 962 919 208 283 220 287 292 970 1168 1239 758 1066 924 540 207 1215
645 1012 238 370 49 443 510 51 733 1101 816 559 17 936 64 852 823 648 770 1234
286 1050 662 126 962 919 208 283 220 287 292 970 1168 1239 758 1066 924 540 207 1215
645 1012 238 370 49 443 510 51 733 1101 816 559 17 936 64 852 823 648 770 1234
286 1050 662 126 962 919 208 283 220 287 292 970 1168 1239 758 1066 924 540 207 1215
645 1012 238 370 49 443 510 51 733 1101 816 559 17 936 64 852 823 648 770 1234
286 1050 662 126 962 919 208 283 220 287 292 970 1168 1239 758 1066 924 540 207 1215
645 1012 238 370 49 443 510 51 733 1101 816 559 17 936 64 852 823 648 770 1234
286 1050 662 126 962 919 208 283 220 287 292 970 1168 1239 758 1066 924 540 207 1215
645 1012 238 370 49 443 510 51 733 1101 816 559 17 936 64 852 823 648 770 1234
286 1050 662 126 962 919 208 283 220 287 292 970 1168 1239 758 1066 924 540 207 1215