754 454 950 1180 11 741 461 957 439 497 499 52 392 827 593 302 302 568 437 533
589 189 769 137 459 159 590 160 761 41 114 265 271 80 1197 592 733 498 754 980
803 462 77 32 805 1165 1064 702 959 619 497 1209 137 150 2 715 1206 1196 356 633
135 23 1192 924 439 856 461 498 498 357 1197 711 497 1030 536 876 725 820 1039 604
166 977 41 478 114 711 1145 266 827 1007 210 151 1057 204 1064 552 501 754 496 299
802 451 980 1229 950 441 976 67 430 496 1095 439 592 27 31 511 47 497 533 593
441 503 754 975 255 805 1058 498 747 463 633 1238 958 496 151 769 497 1064 1196 256
614 57 57 624 769 243 32 100 265 1030 381 35 437 210 554 417 384 166 531 439
974 205 91 1106 59 157 545 362 174 63 426 581 708 165 870 408 414 690 720 99
731 687 195 195 670 1102 337 698 728 906 1069 1234 376 135 81 945 1066 799 1218 897
812 788 518 1002 186 712 396 96 775 1064 909 900 772 834 649 798 908 799 796 991
504 26 566 423 649 35 186 430 255 1051 32 500 289 1221 443 381 872 46 466 834
652 344 490 601 540 1124 766 919 647 1186 156 920 1008 921 944 770 10 682 496 182
896 150 843 210 815 443 443 1186 211 323 422 1117 174 697 643 791 798 584 1214 204
1012 921 59 763 99 64 64 601 370 174 266 549 359 642 603 301 398 443 1062 770
661 900 550 659 772 649 834 1119 443 875 801 798 788 473 301 333 908 799 1226 991
1115 791 907 888 510 1012 455 823 89 185 49 830 696 506 810 362 1107 650 603 816
1012 1215 227 900 156 133 994 185 844 993 153 313 816 656 291 540 992 1168 688 1016
603 185 17 238 443 135 693 733 559 816 506 510 823 49 1101 852 770 936 1234 648
126 729 283 1050 292 662 919 970 220 287 962 208 758 758 1168 924 1066 207 540 1215